%YAML:1.0
---
R: !!opencv-matrix
   rows: 3
   cols: 3
   dt: d
   data: [ 9.9998859699932419e-01, 2.1642590557557261e-04,
       4.7706426349662353e-03, -2.5385637303269854e-04,
       9.9996918122752521e-01, 7.8467924717568107e-03,
       -4.7687973604497473e-03, -7.8479140528132981e-03,
       9.9995783351937129e-01 ]
T: !!opencv-matrix
   rows: 3
   cols: 1
   dt: d
   data: [ -5.9786950053737428e+01, 1.2831597687809684e-02,
       9.9834177232344612e-01 ]
R1: !!opencv-matrix
   rows: 3
   cols: 3
   dt: d
   data: [ 9.9992886201967834e-01, 1.3283894947434393e-04,
       -1.1926996849348928e-02, -8.6049607668633866e-05,
       9.9999229971428383e-01, 3.9234051030816617e-03,
       1.1927426189077708e-02, -3.9220996865670949e-03,
       9.9992117371248457e-01 ]
R2: !!opencv-matrix
   rows: 3
   cols: 3
   dt: d
   data: [ 9.9986058914030229e-01, -2.1459212775057351e-04,
       -1.6695994556367569e-02, 1.4909277624858337e-04,
       9.9999228916899008e-01, -3.9242036016026560e-03,
       1.6696707919575598e-02, 3.9211672728242863e-03,
       9.9985291137840215e-01 ]
P1: !!opencv-matrix
   rows: 3
   cols: 4
   dt: d
   data: [ 4.5437515768723836e+02, 0., 3.2357230377197266e+02, 0., 0.,
       4.5437515768723836e+02, 2.4697246360778809e+02, 0., 0., 0., 1.,
       0. ]
P2: !!opencv-matrix
   rows: 3
   cols: 4
   dt: d
   data: [ 4.5437515768723836e+02, 0., 3.2357230377197266e+02,
       -2.7169492580624199e+04, 0., 4.5437515768723836e+02,
       2.4697246360778809e+02, 0., 0., 0., 1., 0. ]
Q: !!opencv-matrix
   rows: 4
   cols: 4
   dt: d
   data: [ 1., 0., 0., -3.2357230377197266e+02, 0., 1., 0.,
       -2.4697246360778809e+02, 0., 0., 0., 4.5437515768723836e+02, 0.,
       0., 1.6723726302171501e-02, 0. ]
