%YAML:1.0
---
M1: !!opencv-matrix
   rows: 3
   cols: 3
   dt: d
   data: [ 5.1465297528750398e+02, 0., 3.2229557720986219e+02, 0.,
       5.1514854553915507e+02, 2.4870641723185310e+02, 0., 0., 1. ]
D1: !!opencv-matrix
   rows: 1
   cols: 5
   dt: d
   data: [ -6.5536009574353474e-02, 2.2760140312159202e-01,
       -5.8963182665083586e-04, 1.0468574237403169e-03,
       1.6920290885769670e-02 ]
M2: !!opencv-matrix
   rows: 3
   cols: 3
   dt: d
   data: [ 5.1566366299764877e+02, 0., 3.1275948114824774e+02, 0.,
       5.1581882560758493e+02, 2.4425326663406096e+02, 0., 0., 1. ]
D2: !!opencv-matrix
   rows: 1
   cols: 5
   dt: d
   data: [ -7.8213345476926308e-02, 3.5291052360570768e-01,
       -1.0229681199340722e-03, -7.6353751907188661e-04,
       -5.6862661478306897e-01 ]
